Effects=ChromaticAberration.fx
FKeyBloomAndLensFlares=0,0,0,0
KeyCA=0,0,0,0
KeyClarity=0,0,0,0
KeyDPX=0,0,0,0
KeyMagicBloom=0,0,0,0
KeyMode1=0,0,0,0
KeyMode2=0,0,0,0
KeyMode3=0,0,0,0
KeyMotionBlur=0,0,0,0
KeyTechnicolor2=0,0,0,0
KeyUIMask_Bottom=0,0,0,0
KeyUIMask_Top=0,0,0,0
KeyVignette=0,0,0,0
PreprocessorDefinitions=
Techniques=CA,AmbientLight
TechniqueSorting=CA,AmbientLight,MagicBloom,RTGlobalIllumination

[AmbientLight.fx]
alAdapt=0.000000
alAdaptBaseBlackLvL=0
alAdaptBaseMult=1.000000
alDebug=0
alDirtInt=1.000000
alDirtOVInt=1.000000
alInt=4.000000
alLensInt=2.000000
alLensThresh=0.500000
alThreshold=100.000008
AL_Adaptation=0
AL_Adaptive=1
AL_Dirt=0
AL_DirtTex=0
AL_Lens=0
AL_Vibrance=0

[Bloom.fx]
bAnamFlareEnable=4294967295
bChapFlareEnable=4294967295
bGodrayEnable=0
bLensdirtEnable=4294967295
bLenzEnable=4294967295
fAnamFlareAmount=20.000000
fAnamFlareColor=1.000000,1.000000,1.000000
fAnamFlareCurve=2.000000
fAnamFlareThreshold=0.999000
fAnamFlareWideness=1.000000
fBloomAmount=1.000000
fBloomSaturation=0.000000
fBloomThreshold=0.900000
fBloomTint=1.000000,1.000000,1.000000
fChapFlareCA=0.500000,0.500000,0.500000
fChapFlareDispersal=1.000000
fChapFlareIntensity=200.000015
fChapFlareSize=0.200000
fChapFlareTreshold=0.990000
fFlareBlur=1.000000
fFlareIntensity=5.000000
fFlareLuminance=1.000000
fFlareTint=1.000000,1.000000,1.000000
fGodrayDecay=0.990000
fGodrayDensity=2.000000
fGodrayExposure=1.500000
fGodrayThreshold=0.999000
fGodrayWeight=1.700000
fLensdirtIntensity=2.000000
fLensdirtSaturation=1.000000
fLensdirtTint=1.000000,1.000000,1.000000
fLenzIntensity=3.000000
fLenzThreshold=0.990000
iBloomMixmode=2
iChapFlareCount=20
iGodraySamples=128
iLensdirtMixmode=2

[CA.fx]
Shift=0.500000,-0.500000
Strength=0.500000

[ChromaticAberration.fx]
Shift=2.500000,-0.500000
Strength=0.200000

[Clarity.fx]
ClarityBlendIfDark=0
ClarityBlendIfLight=255
ClarityBlendMode=4
ClarityDarkIntensity=0.000000
ClarityLightIntensity=1.000000
ClarityOffset=5.000000
ClarityRadius=0
ClarityStrength=0.200000
ClarityViewBlendIfMask=0
ClarityViewMask=0

[DPX.fx]
Colorfulness=1.000000
Contrast=0.060000
RGB_C=0.360000,0.360000,0.360000
RGB_Curve=8.000000,8.000000,8.000000
Saturation=1.000000
Strength=0.200000

[MagicBloom.fx]
f2Adapt_Clip=0.000000,1.000000
fAdapt_Sensitivity=4.000000
fAdapt_Speed=1.000000
fBloom_Intensity=0.999999
fBloom_Threshold=100.000000
fDirt_Intensity=500.000000
fExposure=1.000000
iAdapt_Precision=0
iDebug=0

[qUINT_rt.fx]
RT_AO_AMOUNT=0.500000
RT_DEBUG_VIEW=0
RT_FADE_DEPTH=0.000000,0.500000
RT_IL_AMOUNT=2.000000
RT_IL_BOUNCE_WEIGHT=0.000000
RT_RAY_AMOUNT=20
RT_RAY_STEPS=20
RT_SAMPLE_RADIUS=20.000000
RT_Z_THICKNESS=10.000000
tempF1=1.000000,1.000000,1.000000,1.000000
tempF2=1.000000,1.000000,1.000000,1.000000

[qUINT_rtgi.fx]
FILTER_SENSITIVITY=1.000000
RT_AO_AMOUNT=1.000000
RT_DEBUG_VIEW=0
RT_FADE_DEPTH=0.000000,0.500000
RT_IL_AMOUNT=4.000000
RT_RAY_AMOUNT=10
RT_RAY_ISOMETRIC_SAMPLING=4294967295
RT_RAY_STEPS=10
RT_SAMPLE_RADIUS=15.000000
RT_SIZE_SCALE=1.000000
RT_Z_THICKNESS=1.000000
SKY_COLOR=0.000000,0.000000,0.000000

[SuperDepth3D.fx]
Auto_Balance=0
Auto_Depth_Range=0.100000
Convergence_Mode=0
Cross_Cursor_Adjust=255.000000,255.000000,255.000000,25.000000
Custom_Sidebars=0
Depth_Map=0
Depth_Map_Adjust=7.500000
Depth_Map_Flip=0
Depth_Map_View=0
Disocclusion_Adjust=0.500000,0.625000
Disocclusion_Selection=0
Divergence=35.000000
Eye_Swap=0
Interlace_Anaglyph=0.500000,1.000000
Offset=0.000000
Perspective=0.000000
Scaling_Support=0
Stereoscopic_Mode=5
View_Mode=0
Weapon_Adjust=0.000000,0.000000,0.000000
Weapon_Depth_Adjust=0.000000
Weapon_Scale=0
WP=0
ZPD=0.010000

[TAA.fx]
Adjust=0.250000
DebugOutput=0
Power=0.100000
Threshhold=0.500000

